INDEX. 521

81111 (8.(10111011001 01), 0. 311 , 103.

-— (F. 1011110001 01), p. 391.

8111101111 (8.(111111010101), p. 116, 117.

811101110 (Domus 1001011111), 10 Apulia.
p. 116.

8111011811 1111181111-01·811(8.101110001),
0. 36,337.

81111. V. 81111.

8111111011. V. 8111111011.

8111111(8. Thomas 01), presbiter, p. 318.

81110 (801101 01), domicellus, p. 151.

81111111 (8. 870100 01), 0. 168.

8111110010 (8. (1110101101 01), 0. 337.

81111011 (8. Themellum), 0. 385.

8111111111 11 111111 (Domus Templi de),
1. 316.

81610 (8.(10111010101 10), 0. 101.

8111 (8.811010110101), p. 310.

81100110 (8. 1101111 01), 0131.

8111111111 (8. 110001 01), presbiter, p.
106.

81110111 (8. Daniel), 0101611017). 109.

8110010 (8.8107111100101), p. 155.

81111 (8.(1011110101), preceptor, p. 111,
131.

8111111 ’(8. (1011101001), 0. 86, 87. ·

8100111 (8. Petrus), p. 193.

810011 (8. 801011101 01),0. 317.

810110 11111 81011010 (8. 8000101011), 011101,
0.163,165,167,169.

810110 (8. 11000101 01), 0. 130.

--·- (8. 8011010110. 113.

--· (8.810011100101), p. 17, 51.

(111111 (8.(10111010101 0111), p. 11.
(11111011 (8. 11090 01), miles, p. 53, 166.
(311110111111 (domus Templi). p. 850.
(1111010 (8601101001). 1161111101.
Crunoe (8. 1711011001), presbiter, p. 165.
-- (8.(10111011001), presbiter, p. 161.
(1111101111 (8. (1011101001), p. 196.

(31110 (8. 8010111101), 0. 105.
61111(8.Δ1011101), p. 150, 191.
6111111011(8.11090 01), p. 111.
(1110111110 (Domus Templi de), p. 150.
Ο111111111(8. 11001101), 0. 505.

Cimo 801111 (0101110101 10), 0. 89.
(111110 8101110 (1100101 Templi 10), p. 388.

110011 011 1111111111-11,

810110 (Domus Templi de(, Cetheleuemie
11000111, p. 55.

810111 (8. 8111011101 11), 0. 180. ·

81100101 (8.11010101), p. 165.

810100 (8. Q. 01), p. 111.

810011111(8. 1110011111), 0. 131. 119’.

- 8101110 (8. P. 01), 0. 318.

8101111 (8. (10110), p. ¹²7·

81011111 81111 (Domus Templi 10), Lemovi-
000111 11010111, p. 111.

81111 (8. Guillelmue 11).

8111111111 (8. 1101110111 01), 0. 11.

800010 (8. 8110101101),0. 391.

8000011 (8. 1101110101), p. 157.

8010101111111 (1100101Το0061 p. 111.

80101 (01). 880111.

8010111111 (8111011111). 11. 11 8101111111.

8010011001 ( 8. 60111101), p. 15.

—-—- (F. 11001101), 0. ι, 11.

-- (F. 10610001),0. 67.

80111 (8. 8111110101), p. 177.

-— (8. (1111010101), p. 311.

-- (Guillelmue 01), p. 396.

-- (8. 1061000101), 0. 55175.

- (8. Perieetue 011), 0. 165, 177, 310.

—- (8. Petrus 01), 0100001011111111010 80-
111, [1000000111 11001111, 0. 175.

-- (8. oddo 011), p. 109.

- ( 8. Stephanus 01), p. 350.

80111 (Domus Templi 10), 111077000οι11 11000
111, 0. 163, 161, 356, 109.

8011111 (Domus Templi de), Lingouemiedio·
00111, 0. 396.

(111110 (1110111 (1100101 Templi 10), p. 90.

Cium 11010100 (8. Petrae 01), p. 133, 193.
199, 511.

611110111110(8. Pontius 01),011101, p. 196.

cmm (8. 1011110001 10), p. 17.

6110111111(8.(10111010101), preceptor 100101
Templi deu 1101101, 0. 81, 85, 101.

Crem (8.10111000101), 0. 116.

Cimon (8.10111001), 0. 133.

(1110(8. (1.), 0. 191.

Currere (8601111101 01), 71. 331.

-(1.1.01),0.171.

(1111111 (8.(10111110101 01), p. 376, 379.

·-- (8. 1110011111 01), 0. 310.

66

 

